 <pre>

 Contingency table for Visibility (m)
 Selection: ALL    715 stations
Period: 20210201-20210228
Used {00,06,12,18} + 03 06 ... 36
 Limits    1000.00000       5000.00000       10000.0000       20000.0000    
 Each class is data <= limit, the very last > last limit
 Total number of values      693336
                                     OBSERVATION
                                  10177     8531     3486     2056      951 |     25201
                                  11126    47624    24231    22516    20067 |    125564
                        noLdyn     1963    15684    16455    19634    24789 |     78525
                                    752     6819    12836    20178    45181 |     85766
                                   3755    28041    48674    86637   211173 |    378280

                    SUM           27773   106699   105682   151021   302161 |    693336
                                     OBSERVATION
                                  10180     8564     3516     2092      953 |     25305
                                  11114    47596    24223    22585    19916 |    125434
                          Ldyn     1987    15739    16386    19364    24495 |     77971
                                    759     6878    13029    20142    44668 |     85476
                                   3733    27922    48528    86838   212129 |    379150

                    SUM           27773   106699   105682   151021   302161 |    693336
                                     OBSERVATION
                                  10089     8545     3558     2114      974 |     25280
                                  11223    47706    24376    22778    20169 |    126252
                      Ldyn+lwp     2017    16300    17140    20056    25161 |     80674
                                    769     6796    13263    20817    46629 |     88274
                                   3675    27352    47345    85256   209228 |    372856

                    SUM           27773   106699   105682   151021   302161 |    693336

