 <pre>

 Contingency table for Cloud cover (octas)
 Selection: ALL    607 stations
Period: 20210201-20210228
Used {00,06,12,18} + 03 06 ... 36
 Limits   0.500000000       1.50000000       2.50000000       3.50000000       4.50000000       5.50000000       6.50000000       7.50000000    
 Each class is data <= limit, the very last > last limit
 Total number of values      572711
                                                       OBSERVATION
                                  69855     8409     6474     3960     2319     3250     3637     8242    17944 |    124090
                                   9912     1954     1842     1423      805     1438     1758     3856     8512 |     31500
                                   5461     1136     1204      983      534      919     1205     2614     5742 |     19798
                                   3989      897      980      713      450      822     1099     2314     4949 |     16213
                        noLdyn     3398      781      929      765      404      736     1074     2263     4743 |     15093
                                   3179      716      816      703      439      788     1083     2431     5270 |     15425
                                   3644      830      877      909      549      991     1303     3238     6739 |     19080
                                   5052     1184     1275     1253      840     1536     2101     5628    11953 |     30822
                                  19208     4913     4511     5141     3975     7345    11935    51079   192583 |    300690

                    SUM          123698    20820    18908    15850    10315    17825    25195    81665   258435 |    572711
                                                       OBSERVATION
                                  69774     8399     6423     3931     2344     3263     3650     8201    17392 |    123377
                                   9914     1968     1874     1387      796     1460     1636     3846     8306 |     31187
                                   5402     1110     1189      934      564      903     1181     2646     5750 |     19679
                                   3956      875      966      770      439      805     1076     2293     5028 |     16208
                          Ldyn     3419      780      830      712      401      737     1104     2248     4749 |     14980
                                   3307      742      851      737      455      775     1130     2541     5230 |     15768
                                   3640      828      883      881      529      970     1312     3194     6825 |     19062
                                   5115     1196     1335     1314      848     1545     2101     5551    11931 |     30936
                                  19171     4922     4557     5184     3939     7367    12005    51145   193224 |    301514

                    SUM          123698    20820    18908    15850    10315    17825    25195    81665   258435 |    572711
                                                       OBSERVATION
                                  68991     8178     6269     3849     2250     3124     3389     7668    16189 |    119907
                                   9810     2017     1889     1391      816     1404     1707     3810     8038 |     30882
                                   5623     1144     1193      925      516      892     1234     2569     5683 |     19779
                                   4005      858      987      724      484      800     1047     2301     5021 |     16227
                      Ldyn+lwp     3575      751      886      750      417      733     1056     2296     4824 |     15288
                                   3354      752      839      770      443      790     1204     2542     5314 |     16008
                                   3788      862      929      888      555     1039     1297     3264     6846 |     19468
                                   5154     1274     1387     1346      869     1584     2143     5663    12129 |     31549
                                  19398     4984     4529     5207     3965     7459    12118    51552   194391 |    303603

                    SUM          123698    20820    18908    15850    10315    17825    25195    81665   258435 |    572711

